,AFGHANISTAN,ALBANIA,ALGERIA,ANGOLA,ARGENTINA,ARMENIA,AUSTRALIA,AUSTRIA,AZERBAIJAN,BAHAMAS,BAHRAIN,BANGLADESH,BELARUS,BELGIUM,BELIZE,BENIN,BHUTAN,BOLIVIA,BOSNIA,BOTSWANA,BRAZIL,BRUNEI,BULGARIA,BURKINA FASO,BURUNDI,CAMBODIA,CAMEROON,CANADA,CAPE VERDE,CENT AFR REP,CHAD,CHILE,CHINA,COLOMBIA,COSTA RICA,CROATIA,CUBA,CYPRUS,CZECHIA,DEM REP CONGO,DENMARK,DJIBOUTI,DOMINICAN REPUBLIC,EAST TIMOR,ECUADOR,EGYPT,EL SALVADOR,EQUAT. GUINEA,ERITREA,ESTONIA,ESWATINI,ETHIOPIA,FIJI,FINLAND,FRANCE,GABON,GAMBIA,GEORGIA,GERMANY,GHANA,GREAT BRITAIN,GREECE,GUATEMALA,GUINEA,GUINEA BISSAU,GUYANA,HAITI,HONDURAS,HUNGARY,ICELAND,INDIA,INDONESIA,IRAN,IRAQ,IRELAND,ISRAEL,ITALY,IVORY COAST,JAMAICA,JAPAN,JORDAN,KAZAKHSTAN,KENYA,KUWAIT,KYRGYZSTAN,LAOS,LATVIA,LEBANON,LESOTHO,LIBERIA,LIBYA,LITHUANIA,LUXEMBOURG,MADAGASCAR,MALAWI,MALAYSIA,MALI,MAURITANIA,MAURITIUS,MEXICO,MOLDOVA,MONGOLIA,MONTENEGRO,MOROCCO,MOZAMBIQUE,MYANMAR,NAMIBIA,NEPAL,NETHERLANDS,NEW ZEALAND,NICARAGUA,NIGER,NIGERIA,NORTH KOREA,NORTH MACEDONIA,NORWAY,OMAN,PAKISTAN,PANAMA,PAPUA NEW GUINEA,PARAGUAY,PERU,PHILIPPINES,POLAND,PORTUGAL,QATAR,REP CONGO,ROMANIA,RUSSIA,RWANDA,SAMOA,SAUDI ARABIA,SENEGAL,SERBIA,SIERRA LEONE,SINGAPORE,SLOVAKIA,SLOVENIA,SOLOMON ISLANDS,SOMALIA,SOUTH AFRICA,SOUTH KOREA,SOUTH SUDAN,SPAIN,SRI LANKA,SUDAN,SURINAME,SWEDEN,SWITZERLAND,SYRIA,TAIWAN,TAJIKISTAN,TANZANIA,THAILAND,TOGO,TRINIDAD & TOBAGO,TUNISIA,TURKEY,TURKMENISTAN,UGANDA,UKRAINE,UNITED ARAB EMIRATES,UNITED STATES,URUGUAY,UZBEKISTAN,VANUATU,VENEZUELA,VIETNAM,YEMEN,ZAMBIA,ZIMBABWE
AFGHANISTAN,0,49,38.9,49.7,55.2,48.6,62.9,61.5,42.2,67.6,48.5,46.1,55.8,63.9,58.9,52.4,50.2,52,52.1,55.4,57.3,55.4,56.2,49.5,49.8,54.2,47.4,65.5,53.7,50.1,40.2,57.7,55.8,57.7,61.8,59.1,60.5,58,60.3,50.9,65.4,41.5,56.3,60.9,56.1,38.2,58.1,53.8,41.7,61.3,52.4,43.8,60.8,65.1,61,55,48,51.5,64.4,52,65.4,60.5,53.8,46.9,51.9,58.1,54.2,54,58.8,64.3,47.8,50.6,30.1,36,64.9,57.2,60.5,50.7,62.9,70.3,39.5,43.7,48.2,47.5,40.1,50.6,59.8,46.9,53.3,53.1,39.6,58.6,64.2,51.1,54.1,56.3,42.5,36,62.2,55.6,54.2,47.9,54.5,39.8,51.7,52.1,53.6,46.3,64.7,66.6,54.4,42.5,48.9,58.2,52.4,63.5,43.6,32.1,60.9,55.2,54.3,53.4,55.9,58.9,60.7,48.8,51.9,55.4,54.7,51.5,61.5,43.2,45.1,55.4,49.1,68.7,57.6,60.2,58.9,37.5,57,68.2,49.3,60.3,55.5,37,58.7,63.8,61.7,38.5,68.3,28.2,49.8,60.9,50.8,66.4,44.1,43.2,39.2,51.2,55.8,46.6,63.9,59.5,37.9,57.5,54.7,59.1,33.4,53.2,52
ALBANIA,49,0,42.1,47.9,41.5,33.9,48.9,36.6,37.5,51.6,51.6,51.4,40.7,38.4,45.5,47.8,51.8,46.5,26.2,50.1,41.1,50.9,30,48.6,51.6,54.2,48.5,48.2,43.6,51.5,54.5,40.5,49.3,42.4,43.3,29.1,44.4,33.2,35.5,53.4,40.4,48.1,42.2,55.8,44.4,42.4,41.3,51.8,56.1,40.1,48.6,50.9,48.7,46.8,35.7,47.1,49.9,33.5,38.5,47.4,43.3,30.1,44.3,47.3,48.9,48.4,50.1,43.7,34,43.2,49.7,47.1,42.8,42.3,43.4,41.8,31.2,47.2,47.4,55.3,42.2,41.6,50.8,49.7,37.1,52.8,37.7,34.6,50.3,50.3,46.7,37.7,37.7,50.5,50.4,46.5,50.8,51.2,43.7,41.3,33.8,49,25.7,41.2,49.9,53.1,49.7,48.3,39.9,46.4,44,52.2,48.8,52.8,22.7,40.5,51.6,47.1,43.6,55.2,40.1,43.2,47,35.6,31.6,49.9,51.4,30.9,43.2,49.5,50,51.1,48.3,29.3,48.2,56.6,31.7,33.2,56.1,52.8,47.7,50,54.7,32,47.9,53.7,45.6,41.6,39.9,40.1,53.4,39.3,50.2,49.8,49.9,47.2,38.6,29.8,43.7,52.4,36.5,50.5,46.5,38.6,40.3,50.8,43.3,47.2,53,50.8,52.4
ALGERIA,38.9,42.1,0,51,48.3,46.6,55,53.8,40.3,60.4,36.2,49.2,50.1,54,54.4,48.2,55.4,49.7,44.4,48.9,49.1,50.1,46.7,45.9,52.5,56.4,45.5,57.9,45.4,51.2,39.1,50.3,53.6,50.5,55.6,48.7,51.2,49.1,51,50.6,56,32.6,50.6,51.4,50.5,20.3,52.4,51.1,42.9,54.7,51.4,44.5,56.3,56.2,49.6,44.3,46.2,47.5,55.3,48.4,56.4,50.3,51.7,44.7,51.3,53.2,55.9,54,49.9,58,51.1,47.6,32.3,24.2,57,42.6,49.3,44.1,56.4,63.9,23,41.6,47.1,33.8,42.3,54.8,52,32.6,54.2,53.5,21,51.1,53.3,51.6,54.3,49.8,37.5,25.5,51,48.7,47.4,48,46.3,17.9,51.6,54.7,46.4,56.9,55.5,60.7,52.4,39.1,47.6,57.9,43.8,56.2,31.4,39.7,54.5,60.1,48.7,48.7,54.4,48.3,49.5,35.5,48.9,44.6,48.5,51.8,58.9,29.7,41.6,47.5,49.9,61.1,49.3,51.3,60.2,40.1,49,59.2,51.6,49.2,53.1,32.9,51.7,55,55.4,24.7,60.9,40.2,49.3,54.6,50.4,57.2,18.1,38.8,39.1,51.9,46.5,34.7,57.7,51.1,38.2,56.8,49.2,54.5,31.8,50.9,51
ANGOLA,49.7,47.9,51,0,49.1,53.5,59.1,57.1,52.2,52.9,64.7,54.1,55.3,59.2,45,29.2,56.6,40,49.8,36.1,37.2,59.6,55,34.9,29.7,46.4,27.5,61.3,35.9,29.4,33.6,50.3,58.8,44.9,48.3,51.6,46.3,56.2,56.5,26.6,61,44,43.6,57.6,43,50.2,43.2,30.8,40.9,56.9,34.1,37.1,51.4,59.9,55.7,33.4,38.3,51.5,58.7,32.2,62.9,56.7,41.3,29.2,27.8,46.1,35.4,40.4,55.4,60.9,51.7,49.8,56,53.8,60.9,63.2,55.6,32.4,48.3,69.6,55.6,54.1,32.7,62.3,51.7,45.2,53.8,56.5,34.8,32.4,54.9,54,58.1,32,33.2,56.9,36,42.6,48.3,46,50.3,53.2,50.8,49.5,19.7,49.8,35.2,51.9,60.6,60.5,40,37.5,30.9,56.1,52.9,59.1,59.9,53.5,47.2,44.1,40,41.4,48.7,53.9,48.3,63.8,26.1,50.4,55.6,30.3,52.3,62.8,35.4,52.7,34.1,65.1,52.8,55.1,47.4,40.4,39.7,64.3,31.2,53.9,55.5,40.7,45.3,57.5,58.8,52.2,65,49.6,28.4,56.2,27.9,54.1,53.6,51.6,51,31.1,53.2,62.7,58.7,48.7,52,45.5,41,51.4,49.8,28.4,29.4
ARGENTINA,55.2,41.5,48.3,49.1,0,41.6,39.1,39.4,45.2,48.6,56.2,59.5,44.6,38.7,42.1,52.3,57.7,31,43.2,46,27.6,57.1,40,54.8,54.3,60.1,52.9,41.2,39.6,55.6,58.4,19.7,52.3,28.1,31,36.3,36.9,43.3,39.8,54,43.5,55.6,33,42.9,29.6,49.9,33.8,51,58.5,42.2,51.5,56,50.9,46.1,35.7,50.4,56.8,42.3,41.2,51,44.4,40.3,37.8,55.2,55.9,45.8,48.8,35.9,38.1,46.2,53.1,53,48.2,49.9,41.6,45.6,33.9,53.6,48.1,55.7,49.2,43.3,50.2,55,45.7,59,40.5,48.4,51.8,56.9,52.8,39.2,41.7,51.9,54.7,50.8,57.5,58.3,45.3,25.6,40.5,49.5,40.9,47.9,53.8,56.2,46.1,56,41.8,40.3,35.5,58.4,52.9,60.8,41.4,43.4,54.4,51.1,33.2,58.2,29.1,27.8,49,36,33,55.7,53.6,35.3,42,52.6,52.2,55,53,39.3,58,58.6,37.2,38.6,58,59.6,41.1,53.4,56.7,29.4,52.4,59.9,45.4,43.6,40.7,50.4,55.6,48.6,53.6,53.7,54.3,45.6,45.5,41.6,47.9,56,41,54.9,38.9,18.8,46.7,53.3,28.9,53,59,53.1,50.6
ARMENIA,48.6,33.9,46.6,53.5,41.6,0,48.8,38.2,32.5,54.5,53.6,56.3,32.2,42,51.7,55.9,54,47.5,37.2,51.7,45.5,57.7,32.9,55.8,55.3,55.9,56.8,49.7,45.5,57.2,57.9,42.8,49.1,45.7,48.3,36,46.9,39.2,38.5,59,43.5,55.3,47.2,53.3,47.4,46.6,48.3,56.4,55.2,39.5,53.2,50.9,53.6,44.8,40.2,54.8,57.4,26.8,41.7,53.7,47.1,35.8,49.1,57.9,58.3,53.4,55.1,50.1,34.4,46.2,50.6,53.9,41.1,44.7,45.9,45.3,37.6,54.9,53.4,55.2,45.7,35.8,53.6,52.3,29.7,54.5,38.1,43.3,52.3,58.4,50.6,36.4,40.9,55.4,55.5,53.4,57.6,55.9,48.1,44.9,29.6,42.3,34.3,47,56.4,55.8,52.6,49.2,43.8,48.9,49.3,58.4,55.7,53.4,31.7,44,53.7,50.4,49.7,59.4,46.3,45.7,51.9,37.5,39.1,52.2,57.2,31.8,34.4,52.3,54,53.9,55,30.4,58.6,58.3,34.1,37.1,60.4,59.2,50.1,50.7,59.2,38.2,51,56.9,50.9,42.8,39.5,46.3,54.4,34.9,56.9,51.1,56.4,51.7,45.1,37.1,41.2,56.3,31.5,53.2,48.8,42.8,37.4,54.7,47,50.4,56.6,55.2,54.3
AUSTRALIA,62.9,48.9,55,59.1,39.1,48.8,0,37,51.4,40.4,52.8,62.7,48.2,36.4,43.9,60.9,63,52.5,48.1,45.5,44.8,53.9,44.6,61.1,63.9,66.5,60.3,26.3,50.6,63.3,64.9,41.2,58.2,49.8,48.2,41.2,50.3,43.1,38.8,62.4,34.6,63.1,52.3,54.2,51.5,55.6,53.7,62.3,65.9,41.6,53.8,63.6,45.9,39.4,36.3,57.1,63.1,49.4,34,54,25.2,41.4,56.7,64.2,66,44.8,62,54.8,41,37.1,55.5,57.6,54.9,55.6,27.1,44.6,40,62,43.4,51.2,53.6,47.6,52,53.2,53.8,67.9,39.3,55.8,53.6,58.2,56.3,42.8,37.3,59.1,57,51.3,64.3,64.6,46.8,45.2,47.5,54.9,45.9,53.3,59.6,63.5,44.8,62.6,34.3,18.5,54.2,65,57.9,66.1,47.5,33.6,53.7,55.3,49.2,55.4,50.3,50.3,54,40.8,40.8,52.9,60,43,44.8,60.5,49.3,55.3,62.1,45.3,61.2,48.4,41.7,40.3,53.3,63.6,40.4,50.5,61,36.8,55.4,63.7,49.4,33.9,36.7,58,54.7,58.3,56.6,56.9,62.6,40.2,51.2,49.1,54.4,58.9,46.5,51.5,28.2,39.8,53.2,52.3,50.4,59.5,64.9,54.8,52.2
AUSTRIA,61.5,36.6,53.8,57.1,39.4,38.2,37,0,46.8,49.9,57,64.9,37.1,21.8,50.3,58.7,57.5,48.8,32.4,55.7,43,58.5,30.1,60.4,58.7,64,58.1,34.3,48.4,59.8,65.4,37,53.3,44.2,45.7,23.8,48.1,37.3,23.2,61.2,26.7,63,48.6,60.5,48.1,55.8,49.1,57.2,65.9,32.5,56.9,60.6,57,29.7,23.4,54.9,65.9,37.1,15.4,57.8,30.3,30.7,51.7,61.4,62.3,54.1,58,51.1,26.5,32.1,58.7,57.2,52.5,55.3,28.8,43.2,24.5,59,51.5,46.6,53.7,47.6,59.3,56.3,47.4,61.4,30.5,49.5,56.6,62,59.8,30.6,19.1,58.7,59.7,54.6,64.4,65.2,51.5,43.1,36,53.2,32,53.6,60.3,61.7,55.3,55.9,23.7,35.6,50.9,65.9,61.2,57.7,31.9,26.6,59.4,60.9,47,62.8,46.2,46.5,54.3,25.9,28,55.7,58.8,29.8,37.4,56.4,58.2,58.9,61.2,29.1,63.2,53,21.5,20.1,62.6,67.5,49.9,44.3,63.2,25.8,57.2,66,50.9,25.8,17.4,55.4,49.7,50.9,62.3,56.2,60.3,47.4,50.6,41.8,54.7,61.7,36.1,55.8,36.4,37.7,50.9,57.6,45.9,55.4,66.9,58.2,59.2
AZERBAIJAN,42.2,37.5,40.3,52.2,45.2,32.5,51.4,46.8,0,57.9,45.6,51.1,36.9,48,55.8,53.6,56,49.2,41.9,52.6,48.5,51.9,39.9,52.5,54.4,54.5,52.6,53.2,49.3,57,53.1,46.1,46,48.3,51.8,42.6,46.9,43,44.6,55.8,49.2,48.9,49.7,57,49.3,39.4,51.7,53.5,50.1,44.7,51.8,51.9,55.6,49.1,44.6,52.2,53.4,34.7,47.5,52.8,51,44.9,50.9,53.3,55.6,56.9,57.1,52.1,41.8,53.6,51,48.4,31.6,39.2,51.5,46,44.9,52.4,57.4,58.2,40.4,28.7,51.6,46.1,30.6,52.6,44.2,43.3,55.6,57.4,45.5,41.6,46.5,55.1,57.2,49.3,50.9,49.3,51.1,46.2,36.4,41.3,42.5,40.4,54.3,53.8,52.6,54,48.4,53.8,50.8,53.1,52.2,50.6,40.2,49.8,47.2,46.4,51.6,60,49.5,48.2,51.1,43.3,43.6,47.4,54.8,39.1,39,51.4,56.6,46.8,50.8,39,55.3,57.3,41.3,44.8,61.4,51.9,50.7,51.9,58.3,43.3,51.7,51.4,53.3,48.8,47.8,39.2,55.7,30.5,54.8,50,53.5,55.2,40.5,24.5,28.7,54.3,37.1,47.4,50.9,48.5,26.3,57,46.4,45.6,48.2,56.3,53.8
BAHAMAS,67.6,51.6,60.4,52.9,48.6,54.5,40.4,49.9,57.9,0,53.2,57.8,54.5,49.1,27.2,51.7,58.2,50.3,51.4,42.8,42.5,50.8,52.8,56.2,51.6,60.9,49.6,38.9,43.9,50.6,59.3,47.3,63.2,42.8,39.7,48.5,41.9,44.9,51.3,51.7,45.7,58.5,37.7,55.3,45.1,61.4,40.2,48.6,62.8,46.2,46.7,58.9,40.6,49.2,50.5,47.4,49.8,54.3,49.2,43.7,39.5,50,43.9,52.7,51.3,31.8,41.5,43.3,50.2,45.3,56.7,54.7,62.7,60.5,39.7,54.5,49,51.3,20.2,54.8,57.7,57.9,47.1,55.3,59.5,63.1,45.5,55.8,49.8,43.7,60.4,49.3,51.5,51,46.6,48.7,60.1,62.3,40.2,42.8,52,60.2,49.4,57.8,52,59.1,44.1,59.2,47.7,39.8,42.4,59,49.7,64.7,52.4,46.1,55.7,60.1,36.6,50,49.2,48.1,46.9,50.2,49.4,54.6,49.1,51.4,53.3,48.7,44,59.9,53.7,51.5,49.9,48,49.9,49.6,46,59.4,42.1,56.9,51.4,49.4,51.4,62.7,36.9,45.8,50.6,63.6,55.5,61.6,49,56.5,53,23.4,56.4,55.4,60.7,49.3,54.3,55.5,36.5,46.6,59.4,44.7,45,56.9,65.3,46,45.9
BAHRAIN,48.5,51.6,36.2,64.7,56.2,53.6,52.8,57,45.6,53.2,0,51.1,51.8,53.6,55.6,62.2,60.3,61.7,52.5,56.6,55.9,43.9,53.8,61.4,63.5,61.3,59.9,57.8,52,63.7,52.1,54.2,58.1,58,58.4,52.5,55.7,47.1,55.5,65.7,54.1,46.5,56.9,52.7,58.8,32.8,58.6,59.4,53.5,55.4,60.4,59,55.1,58.2,54.4,57.9,54.7,52.5,55.1,57.6,51.7,53.8,60,62.6,62.2,57.5,64.3,61.5,54.4,55.7,54.4,54.3,40.7,30.8,54.3,40.8,51.7,60.4,57.5,58.9,28.1,48.4,58.1,13.8,54,64.3,54.7,36.4,66.2,64,33.6,53.9,54.2,63.4,63.3,49.4,56.8,43.2,49.5,55.6,53.5,56.4,51.6,37.5,65.6,61.8,56.7,62.2,53.5,56.5,59.8,55.7,57.9,61.8,53.4,56.7,17.1,45.1,57,64.7,59.1,59.3,55.1,52.9,52.2,13.4,62.4,53.2,54.5,60.9,58.7,22.7,58,54,61.3,49.5,54.6,55.2,62.3,50.6,56.8,56.6,63.1,52.3,49.8,44.6,57.1,57.7,58.2,35.3,57.6,52.1,61.1,54.4,62.9,50.5,35.4,46.2,48.6,63.1,52.8,16.4,55,55.6,47.1,59.8,58,57.1,37,63.2,62.2
BANGLADESH,46.1,51.4,49.2,54.1,59.5,56.3,62.7,64.9,51.1,57.8,51.1,0,57.9,63.1,53.5,49.6,47.1,52.3,55,54.2,53.9,47.6,57.4,50.4,50.1,42.8,46.7,67.9,55.5,52.8,52.8,61.2,57.3,54,56.6,58.4,54.2,56.9,62,50.4,62.4,49.2,52.2,62.6,53.7,47.6,53,51,52.3,62.8,52.6,51,46.5,66.7,64,50.3,43.5,56.9,63.9,46.4,60.8,61,50.7,45.2,48,47.3,52.3,51.9,59.6,67.4,31,39.1,49,48.1,61.1,59.4,61.3,45.7,53.7,64.5,49.4,55.4,47.1,49.8,51.9,46.1,60.2,50.7,55.6,48.2,51,60.8,63.7,50,48.5,42.3,50.3,46.5,46.5,57.1,54.7,59.2,58,48.4,50.6,41.2,57.2,39.9,63.2,64.1,49.5,53,44.9,57.5,55.7,66.4,48.7,35,54.7,48.2,54.2,53.7,46.6,59.6,59.3,49.5,51,57.2,62.4,49.2,51,52.4,45.5,58.1,42,51.7,59.8,62.8,48.4,47.3,57.4,63.1,51.3,61.6,36.6,48.1,49.5,65.8,65.9,47.4,59.3,50.4,44.6,47.9,49.7,52.8,48.4,50.3,52.3,45.7,57.1,48.4,67.2,60.7,50.4,48,53.4,47.1,48.7,49.8,51.8
BELARUS,55.8,40.8,50.1,55.3,44.6,32.2,48.2,37.1,36.9,54.5,51.8,57.9,0,36.8,52.4,58.5,59.7,51.3,30.9,53.1,45.5,55.8,27.2,58.9,56.2,57.8,55.8,47.8,51.5,58.5,60.2,45.8,50.2,48.9,50.7,30.7,42.5,42,28.9,58.2,38.1,61.3,50.4,47.5,52.8,48.8,51.5,54.2,60,30.4,53.8,57.7,56.6,39.4,36.7,53.8,61.5,33.3,36.5,55.8,41.7,38.8,53.7,60.1,60.3,54.9,60,54.4,30.9,46.5,56.1,56.2,47.1,52.7,42.1,48.1,39.7,54.8,57.4,54.8,48.7,29.4,58.6,52.7,39.7,57,27,50.1,58.4,59.9,54.3,25.9,34.7,59.1,60.4,55.2,60.9,58.9,51.5,48.4,26.6,46,30.7,52.3,59,58.4,55.6,57.9,38.9,49.1,50.7,62.7,57.5,48.8,30.9,41.7,54.1,59.1,50.9,64.6,49,50.5,55.5,28.5,38.9,52.5,55.8,30.1,18.9,54.2,58.8,54.8,59.7,24.9,62,56.2,28.1,33.6,64.5,63.7,52.7,47.5,59.7,39.7,53.8,59.9,51.8,38.2,40.2,47.8,55.4,40.8,60.3,51.7,57.5,51.1,48.8,42.3,42.4,57.2,17.8,53.5,48.4,43.9,38.9,59.5,45.9,51,61,56.9,55.2
BELGIUM,63.9,38.6,54,59.2,38.7,42,36.4,21.8,48,49.1,53.6,63.1,36.8,0,48.6,55,62.8,51,35.8,56.1,42.5,58.3,30.3,57,56.9,63.6,56.8,33.2,47.7,59.6,64,37.7,55,46,45.3,26.1,46.4,39,22.7,59.7,21.8,60.3,47.5,59.7,50,56.6,50,57.9,68.1,29.3,57.3,63.2,56.4,31,15.4,52.7,62.2,42.2,16.5,57.4,24.3,33.2,52.2,60.7,61.2,54.6,54.7,52.5,25.4,35.4,58.2,59,54.7,55.3,24.6,40.9,23.9,55.8,51.3,47.7,52.5,49.2,60.8,54.2,52.3,66.1,28.2,48.2,57.3,61.3,59,27.9,14.3,57.3,60.3,54.8,63,63.5,44.7,43.9,35.9,55.8,34.8,51.8,62.8,64.6,54.4,60.7,12.6,37,51.9,63.6,60.5,58.9,36.3,29.4,58.3,60.3,46.5,65.8,46.7,47.7,53.8,23.5,26.9,54.1,56.2,29.1,40.7,58.7,58.2,57.7,57.6,32,62.5,51.5,26,22.3,64.3,67.5,48.3,43.8,65.5,23.7,57.4,68.5,49.1,27.1,24.8,55,51,55.6,64,54.9,56.5,45.9,49.2,43.8,55.9,64.4,36.5,53.9,37.4,35,52.8,59,48.5,56,67.4,61.5,60.9
BELIZE,58.9,45.5,54.4,45,42.1,51.7,43.9,50.3,55.8,27.2,55.6,53.5,52.4,48.6,0,47.6,52.2,36.7,47.9,41.9,33.6,46.7,49.7,51.3,46.7,52.6,43.7,38.7,40.1,45.4,55.5,40.5,59,30.8,30.8,46.3,37.3,48,49.5,46.4,50.8,55.5,30.1,57.8,33.7,53.8,28.6,44.6,58.2,47.9,43,54.6,36.5,50.9,48.2,41.3,45.4,50.6,50.7,39.9,43.8,50,29.3,47.5,47,28.1,37.1,28.7,48.9,49.2,50.9,50,57.7,53.3,42.8,55.3,48,46.4,26.8,58.6,53.9,55.2,43.1,56.2,52.6,52.8,46,54.5,44.5,39.2,55.3,48,50.2,45.3,44.6,43.9,53.5,56,38.5,33.6,47.8,55.5,46.1,53.3,47.9,51.6,41.6,52.8,50.2,43,28.7,55.4,44,58.1,48.9,49.2,53.2,53.5,28,42.2,37.2,34.6,39.1,48.6,45.7,56.7,43.5,47.4,52.2,45.1,39.5,57.9,50.5,49.3,42.7,49.4,48.2,48.8,39.9,54.8,42,57,47.2,46,48.1,56.8,33.9,48,50.5,55.9,53.8,55.3,44.8,51.4,48.5,28.7,52.4,51.3,54.4,45.5,51.2,56.2,39.4,39.8,55.6,37,35.4,50.7,57.2,42.6,43.3
BENIN,52.4,47.8,48.2,29.2,52.3,55.9,60.9,58.7,53.6,51.7,62.2,49.6,58.5,55,47.6,0,55.5,44.1,50.4,38,45.9,58.2,54.7,17.9,27.9,47.2,23.2,62.4,38.6,23.9,29.8,53.6,60.3,47.6,51,53.3,50.6,55.1,56.7,27.5,59.7,37.7,45.5,46.6,48.4,51.3,45.5,32.3,41,56.4,36,36.1,51.4,60.7,52.7,28.9,30.4,52.7,58.5,25.5,62.7,57.6,43.6,21.7,25.3,45.5,35.2,43.8,54.5,63.2,49.4,47.2,57.8,52,60.7,60.4,57.1,20.1,48.2,70,54.4,55.1,31.7,59.5,51.8,48.2,55.9,52.1,35.6,29,53.3,54.1,56.3,30.1,31.9,53.4,26,40.7,45,48.5,50.7,54.5,52.7,45.8,29,48.4,36.8,51.5,59.4,62.7,43.5,28.7,27,58.4,51.7,62.9,58.9,52.7,50,46.9,44.4,46.5,47.2,53,53.1,61.1,24.7,51.7,60,31,52.2,61.5,21.4,53.8,27.9,62.4,54.4,56.1,47,39.5,42.1,62.5,30.4,55.3,53.3,43.1,46,60.3,58.7,51.2,64.3,52.1,28.6,56.4,14,52.9,46.8,53.6,53.2,31.1,55.2,60.9,61.6,52.2,51.8,44.9,48.7,51.3,50.5,31.2,32.9
BHUTAN,50.2,51.8,55.4,56.6,57.7,54,63,57.5,56,58.2,60.3,47.1,59.7,62.8,52.2,55.5,0,49.7,53.8,52.8,56.1,49.8,57.2,56.6,54.5,45.9,52.7,61.9,54.8,52.9,57.4,57.6,48,54.5,57.6,58.3,63.3,56.7,60,56,65,55.6,56.3,43.9,52.8,56.4,54.2,55.2,58.1,60.6,50.3,53.5,51.5,62.9,61.2,54.7,52.9,52.6,64.7,54.9,61.9,60.5,53.3,54.1,55.1,51.3,56.8,53.4,58.4,60.4,43.2,45.5,55.3,54.4,62,62.6,60.5,56.6,55.6,53.2,56.3,56,51.5,58.5,48.4,43,60.5,55.5,51.5,55.1,57.3,61.1,62.7,52.4,50.2,45.5,54.9,57.5,53.5,54.8,56.8,47.3,54.7,55.2,54.6,38.3,54.7,31.5,65.3,59.3,54.4,57.2,55.1,51.7,53.2,60.7,54.4,47.8,57.6,48.2,52.1,51.4,49.4,58.8,60.3,60,56.6,55.8,59,53.9,51.6,59.1,55.1,54.9,53.4,55.7,56.5,57.6,50.2,55.2,56.2,56.6,55.3,59.6,47.8,55.5,52.6,60.8,60.2,56.7,52.5,52.3,53.7,48.2,56.5,56.4,57.7,55.1,57.8,54.1,59.5,59.7,65.7,60.7,54.8,48.8,57.8,48.5,54.9,49.9,53
BOLIVIA,52,46.5,49.7,40,31,47.5,52.5,48.8,49.2,50.3,61.7,52.3,51.3,51,36.7,44.1,49.7,0,46.2,44.7,31.2,53.4,50.9,48.3,44.7,47.4,41.2,50.8,40.1,42.9,50.5,32.8,53.7,26.6,33.7,47,40.6,51.3,49.6,44.6,55.5,51.8,31.2,50.5,25.1,51.8,30.4,43.2,53,51.6,45.2,47,46.9,55.5,49.2,41.5,51.7,47.6,54.2,43.4,56.9,51,29.2,44.8,45.7,41.6,40.4,29.6,48.2,55.5,50.4,46,51.6,52.1,53.2,57.6,48.1,44.1,45,61.9,53.6,50.8,43.7,61.1,46.6,45.1,49.8,52.8,45.4,47.3,55.4,49.1,50.5,41.9,46.4,48.1,49.4,51.8,48.8,30.2,45.7,48.8,47.4,51.1,44.2,46.7,44.8,48.5,53.9,52.3,29.2,51.2,45.9,56.3,47.6,52.7,56.9,51,32.3,49,22.5,21.4,41.4,46.7,46.5,60.9,43.5,44.3,49.6,44.2,47.6,60.5,46.8,46.8,48.4,57.6,46.8,49,48.7,55.7,46.5,58.8,47.8,44.3,49.8,55.1,42.4,52.7,49.5,52.6,57.2,48.6,44.7,51.8,45.5,46.6,50.2,47.9,50.2,46.3,51.6,60,51.5,34.9,48.7,44.8,30.2,47.6,55,43.2,42.6
BOSNIA,52.1,26.2,44.4,49.8,43.2,37.2,48.1,32.4,41.9,51.4,52.5,55,30.9,35.8,47.9,50.4,53.8,46.2,0,50.8,41.4,54.3,23.3,51.1,53.6,56.2,51,46.4,46.3,52.9,55,41.4,50.2,44.5,45.6,18.1,46.6,36.4,27.9,55.4,37.8,53,44.2,45.6,47.2,45.3,44.9,53.6,56.8,36.2,50.6,51.9,51.5,42.6,33.6,49.2,55.4,33.4,34.2,51.6,42.2,33,45.7,50.5,51.1,49.8,54.2,46.1,30.1,44.3,51.6,49.8,46.5,44.9,41.5,43.4,32.4,49.1,50.6,53.3,43.9,41.2,52,51.2,39.6,55.6,31.7,40,51.5,54.2,49.6,32.8,36,52.1,53.2,49.4,54,53.8,47.2,41.9,30.5,47.6,15.7,44.5,51,55.5,51,51.8,36.7,48,44.9,55.8,50.3,49.3,19.7,40.1,51.7,51.1,45.3,58.3,41.4,44.4,50.3,27.2,34.9,51.5,52.5,27.1,34.7,51.7,53.8,52.2,50.8,16.2,53.5,57.5,25.3,25.2,59.2,55.4,47.7,48.8,55.8,34.9,50.8,55.9,47.7,38.8,37.3,45.1,53.7,41.4,53.3,52.4,52.9,48.5,41.2,34.1,47.2,55.5,29.4,51.2,46.1,39.5,42.8,55,44,52.2,55.1,52.3,52.5
BOTSWANA,55.4,50.1,48.9,36.1,46,51.7,45.5,55.7,52.6,42.8,56.6,54.2,53.1,56.1,41.9,38,52.8,44.7,50.8,0,44.8,54.7,51.4,36.4,39.3,55.7,37.7,54.5,38.9,38.1,42.3,48.6,56.6,48,49.7,51.2,52.8,50.5,52.2,39.3,54.3,46,46.9,53.2,47.1,50,47.4,43.7,47.6,52.5,27.1,43.1,45.8,54.7,54.2,37.8,38.7,51.1,56.1,30.6,50.5,53.6,47.2,41.2,45.3,40.4,45.2,46.7,49.9,55.9,46.8,49.2,54.4,51.4,50.3,54.5,53.6,39.4,41.5,62.1,51.1,49,28.8,56.5,50,54.1,51.4,53.7,27.1,39.1,51.9,51.5,55.3,43,31.4,49.4,39.9,47.2,44,45.4,47.3,49,50.1,48.7,37.1,52.7,23.3,51.7,56.1,49.5,48,43.2,33.8,59.4,50.4,55.5,53.5,50,49,47,44.1,46.3,46.3,50.7,51.1,56.9,38,48.7,54.5,36.7,45.5,57.1,38.8,49.6,38.1,55,50.1,54.2,46,45,23.8,60.3,37.7,52.8,49.7,45.4,43.7,54.3,55.8,53,61.2,53.7,32.4,55,39.8,45.3,48,52.2,51,32.9,50.8,56.4,52.4,47.1,51.3,43.2,47,54.5,53.4,26.1,23.9
BRAZIL,57.3,41.1,49.1,37.2,27.6,45.5,44.8,43,48.5,42.5,55.9,53.9,45.5,42.5,33.6,45.9,56.1,31.2,41.4,44.8,0,52,43,50.1,47.6,52,43.8,44.2,34.9,46.4,55.3,31.2,55.5,23.7,29.8,38.3,35.4,44.4,43.4,46.9,46.8,55.6,28.8,48.5,28.4,50.5,29.4,45.6,57.9,45.4,48,53.8,45,47.1,39.7,40.8,51.9,43,44.7,43.7,47.3,43.5,32.9,46.4,44.7,36.4,40.8,31.5,42.2,48.3,51.7,47,51.6,50.7,45.2,50.3,39.3,44.8,41.7,57.5,52.9,49,45.5,55.4,48.7,52,41.6,49.7,49.2,45.4,52.9,42.3,44.4,44,48.5,46.4,52.2,54.5,41.5,29.7,42.3,54.7,40.6,49.5,42.8,52,43.8,55,45.7,46.1,31,56.3,46.3,56.7,43.2,45.4,54,54.9,29.4,52.2,27.3,28.8,42.6,39.3,31.5,56.3,44.7,38.2,44.3,47.8,48.3,55.4,49.4,41.2,49.5,55.1,41.1,41.6,52.2,58,42.2,52.6,50.2,38,48.4,57,36.3,45.2,44.3,51.8,52.2,51.7,47,47.8,47.1,38.1,46.6,44,51.8,48.6,43.8,54.9,41.5,27.2,51.3,47.6,26.6,47.1,58.7,45.9,46.5
BRUNEI,55.4,50.9,50.1,59.6,57.1,57.7,53.9,58.5,51.9,50.8,43.9,47.6,55.8,58.3,46.7,58.2,49.8,53.4,54.3,54.7,52,0,56,60.8,58.7,48.7,53.1,57.5,58.2,57.8,60.1,54.1,50.5,49.8,47.7,54.8,52.9,49.4,58.2,57.3,58,54.6,51.8,46.9,50.3,48.5,51,51.7,60.4,56.3,53.8,60.6,42.4,56.1,56.5,49.9,52,55.7,58.6,51.9,52.2,55.4,52.1,53.4,56.3,48.6,59,54,57.2,58.4,53.3,32.3,51,49.9,53.8,55,55.2,53.3,49.2,50.2,46.7,51.2,54.9,42.6,52.7,49.5,55,49.8,60.5,54.2,48.5,56.1,56.5,55.9,55.3,20.5,59,54.9,44.5,53.6,57.7,58.1,52.4,50.3,59.4,46.6,57.3,56.9,56.3,52,53.7,60.5,52.3,53,54.9,56,41.1,51.1,48.4,50.3,54.5,50.5,40,55.6,53.2,42.6,55.1,55.3,56.5,57.1,43.5,42.8,56.3,56.9,50.2,33.3,56.9,55.9,46.7,56.2,55.9,49.2,59.4,53.3,45.3,54.6,46.1,56.3,59.7,50.1,46.3,55,54.2,41.8,59.4,45.8,49.4,50.6,51.1,55.3,56.9,42.4,57.4,57.3,50.7,46.2,51.5,43,55.6,55.3,56.3
BULGARIA,56.2,30,46.7,55,40,32.9,44.6,30.1,39.9,52.8,53.8,57.4,27.2,30.3,49.7,54.7,57.2,50.9,23.3,51.4,43,56,0,55.9,57.1,57.2,55.9,42.7,47.2,58,61.4,39.6,48.5,45.3,45.5,20.6,44.2,34.1,23.8,59.1,33.2,55.6,45.4,49.3,48.1,46.6,46.9,56.8,60.2,30.7,53.1,55.1,53.3,37.4,27.2,52.2,59.6,28.7,28.8,53.8,36.7,26.6,48.4,56.9,58.4,51.6,56.9,48.8,24.7,40.6,51.6,52.3,45.7,46.4,36.8,40.8,27.8,54,51.6,49.1,47.6,39.6,54.9,53.8,41.2,57.4,26.8,42.2,54.4,57.7,52.1,26.9,31.2,55.9,56,50.5,59.2,58.8,46.1,42.2,27.9,46.4,22,47,56.9,56.6,52.9,53.5,32.3,43.5,48,62.1,55.4,52,18,36.4,55.2,53.3,45.8,60.3,45.5,45.1,49.3,24.5,30.3,53.3,56.7,20.2,30.6,54.1,54.2,54.9,55.6,17.6,57.3,55.7,21.4,21.6,60.2,60.8,46.9,42.3,59.5,28.7,50.6,60.6,50.1,34.6,34.6,46.4,49.5,44.6,57.8,50,56.3,49.2,43.4,34.2,47.9,57.4,23.1,53.3,42.3,38.6,44.8,55.4,45,50.3,59.6,54.8,54.8
BURKINA FASO,49.5,48.6,45.9,34.9,54.8,55.8,61.1,60.4,52.5,56.2,61.4,50.4,58.9,57,51.3,17.9,56.6,48.3,51.1,36.4,50.1,60.8,55.9,0,30,51.2,27.6,64.3,40.7,27.5,26.1,56.7,61.1,52.2,55.5,56.4,54.5,58,56.9,31.8,61.3,37.7,50.1,53.5,53.1,49.6,50.3,38.2,39.8,59.9,36.2,36.7,55.2,62.6,54.7,34.7,28,55.9,61.5,31.6,63.9,60,49.9,23,26,49.8,38.8,47.9,55.5,63.8,50.8,50.1,57.6,50.7,61.3,61.6,59.3,22.6,52.6,71.1,53.1,51.9,32.8,59.4,48.8,50.5,58.8,52.7,35.3,32.9,52.4,56.7,57.1,34.4,34.3,54.7,17.9,37.9,48.9,51.2,50.2,53.6,54.6,45.7,33.7,51.5,36.5,52.7,61,64.6,47.9,24.2,29.1,59.5,52.7,65.3,58.1,50.4,53.5,50,47.7,50.8,51.5,55.1,55.5,61,30.4,52.8,61.2,33.9,55.4,59.7,20.2,54.5,28.9,66.2,54.7,59.3,51.7,37.3,43.4,66,33.5,57.4,56.3,39.7,50.5,62.6,59.9,49.6,66.2,49.3,32,58.5,22.3,57,46.3,53.7,51.5,33.5,55.8,60.1,64.3,54,49.5,48.6,52,54.5,47.2,33.4,34.8
BURUNDI,49.8,51.6,52.5,29.7,54.3,55.3,63.9,58.7,54.4,51.6,63.5,50.1,56.2,56.9,46.7,27.9,54.5,44.7,53.6,39.3,47.6,58.7,57.1,30,0,46.6,23.4,64.9,43.3,24.9,30.7,55.8,59.3,48.9,51.9,54.7,50,58.1,56.6,22.7,62.1,41.9,44.2,47.4,48.3,53.4,46.4,29.7,42.2,60.2,32.6,37.4,53,63.8,56.1,29.4,34.1,55.3,61.5,32.6,63.5,59.4,45,28.2,33.7,47.2,31.4,45.8,54.2,63.8,51.3,51.1,59.9,56,61.4,64,57.2,27.7,46.8,70.8,56.7,56.4,30.9,62.8,54,45.9,58.7,55.1,34.5,31.3,55,56.3,58.5,31,28.4,56.5,34.1,44.5,47,51.9,51.4,55.8,54.2,51.2,31.7,47.6,39.7,51.2,62.2,63.7,43.7,34,31.7,57.1,54.6,63.6,60.5,54.5,50.5,43.6,45.6,47.3,45.7,54.1,55.8,64.6,24.7,53.1,60,12.2,49.4,64.1,33.5,54,32.4,62.2,53.5,57.6,46.9,40.9,44.8,66.6,30.5,57.5,53.4,41.5,48.5,62.6,58,54.1,66.2,51.6,26.6,55.9,25.5,52.8,53.9,55.3,54.9,20.9,55.3,63.3,62.4,53.9,52.8,44.7,45.9,50.8,51.2,30.2,31.4
CAMBODIA,54.2,54.2,56.4,46.4,60.1,55.9,66.5,64,54.5,60.9,61.3,42.8,57.8,63.6,52.6,47.2,45.9,47.4,56.2,55.7,52,48.7,57.2,51.2,46.6,0,44.2,67.7,54.7,49.5,52.5,59.1,47.6,51.1,55,58.9,52,61.7,61.9,46.9,64.2,52.5,51.5,42.7,51.2,55,51,48.9,52.2,61,52.7,49.1,51.8,65.2,62.1,48.3,49.3,54.1,64,48.4,66,61.8,48.1,45.1,46.2,53,49.4,50.1,60.3,67.8,46.8,40.5,57.5,55.7,66.4,63.4,61.9,45.1,56.8,57.4,55.8,54.2,50.4,60.7,51.8,25.9,60.6,58.5,54.1,46.8,59.6,59.7,65.2,43.4,51.3,42.8,51.8,51.6,53.5,55.6,55.9,49.2,57.6,53.9,47.6,31,56.8,45.1,64.5,66.4,47.5,54.5,49.6,46.4,57.1,65.4,58.4,53.9,52.8,50.2,50.6,50.7,40.8,59.1,60,61.2,47.7,56.7,59.6,45.8,51.6,61.8,49.8,57.1,45.5,50.5,59.4,61.3,51.1,52.8,58.7,54.6,48.5,60.4,43.4,52.4,51.5,64.4,65.9,55.5,51.6,51.9,47.2,31.1,44.1,58.8,58.1,54,53.9,46.9,55.8,61.7,68.8,60,51.5,49.6,51.9,34,54.8,50.4,48.9
CAMEROON,47.4,48.5,45.5,27.5,52.9,56.8,60.3,58.1,52.6,49.6,59.9,46.7,55.8,56.8,43.7,23.2,52.7,41.2,51,37.7,43.8,53.1,55.9,27.6,23.4,44.2,0,61.5,43,21.1,28.9,53.9,59.1,45.6,49.7,54.2,48.8,57.5,57.1,20.8,61.9,38.8,44,45.9,46.1,46.9,44.8,23.3,39.7,57.7,32.9,36.2,49.6,61.1,54.4,22.5,31.7,52.9,59.8,26.2,62.2,59.6,43.2,22.2,28.8,42.4,33.9,41.6,56,63,49.2,45.1,53.9,49.9,60.3,61.5,58,22.3,44.6,68.6,51.5,53.3,30.6,58.4,51.3,44.9,56.3,53.7,36.2,26.5,50.3,56,58.5,30.8,32.2,50.2,28.9,38.6,47.2,49.8,53.2,55.8,52.2,45.3,29.4,45.7,37.3,51.6,61.3,61.4,41.9,31.4,27.1,56.7,52.6,61.1,55.9,49.9,47.1,43.2,43.6,44.7,43.2,54.3,55.2,59.8,19.3,52.5,57,26.6,49.4,58.6,28.3,54.4,28.2,60.6,54.3,56.7,45.1,38.8,42.8,64.4,30.5,56.8,50.6,38.3,42.7,59.5,58.3,49.3,65.1,48.6,25.3,53.8,21.7,48.9,49.8,52.7,50.6,25.1,55.6,58.9,59.6,53.2,49.3,43.3,43.1,49.8,47.2,29.6,30.7
CANADA,65.5,48.2,57.9,61.3,41.2,49.7,26.3,34.3,53.2,38.9,57.8,67.9,47.8,33.2,38.7,62.4,61.9,50.8,46.4,54.5,44.2,57.5,42.7,64.3,64.9,67.7,61.5,0,53.7,63.2,68.2,40.8,57.9,46,44.5,39.1,46.5,46.7,37.3,62.7,35.1,65.2,47.2,46.1,47.7,59.5,49.1,62.7,70.7,38.5,58.4,66.3,51.4,33.6,31.7,57.1,65.5,48.6,33.2,56.9,29,42.9,51.5,63.7,67,47.4,56.8,50.3,40.6,34.5,61.1,62.2,58.4,59.3,31.3,48.7,38.1,62.7,43.3,48.8,57.5,51.9,58,58.5,54.6,68.1,37.3,57.4,58.2,57.8,60.8,41.3,33.8,61.4,61.3,55.4,67.8,68.3,51.4,40.6,48.2,57.5,43.9,55.7,63.7,64.2,52.6,62.5,34.8,28,50,69.2,61,64,45.1,28.8,58.2,60.2,45.3,59.9,49.5,48.2,53.6,39.2,39.7,57.9,60.9,39.8,39.4,61.8,54.7,58.7,65.2,43.5,62.6,53.4,38,37.7,58.7,69.8,49.3,48.3,64.3,36,58.7,69.4,48.9,28.8,30.6,61.9,53.1,57.6,61,60.2,64.2,40.5,55.7,50.1,58.1,62.4,46.6,56.9,20.8,41.4,56.6,55.3,47.3,60,69.1,59.6,58.5
CAPE VERDE,53.7,43.6,45.3,35.9,39.6,45.5,50.6,48.4,49.3,43.9,52,55.5,51.5,47.7,40.4,38.6,54.8,40.1,46.3,38.9,34.9,58.2,47.2,40.7,43.3,54.7,43,53.7,0,44.1,43.3,40.5,56.7,38.9,39.7,43.2,43.3,44,48.1,45.2,49.3,42.2,36.3,64.4,38.4,47.1,37.5,39.3,47.1,48.1,42.6,45.7,48,53.5,45.3,42.1,41.8,47.9,50.7,40.5,52.4,46,39.6,43.4,37.6,43.6,36.9,38.2,47.1,47.9,50.4,49.8,49.3,48.4,48.5,50.3,42.5,40.7,41.9,63.1,48.7,49.5,41.9,51.4,46.9,54.7,46.8,48.8,39.9,45.1,47.3,47.5,48.4,42.2,45.8,53.1,42.4,45.6,39.7,36.3,42.3,48.2,45.3,43.8,40.4,56.1,36.7,52.2,50.7,52.8,36.9,43.2,43.9,60.3,45.6,50.5,50.7,49.4,39,51.2,40.8,39.9,45.3,46,36.3,52.7,43.1,43.2,51.3,41.8,46.2,55.3,40.2,46.5,44.6,58.6,45.1,46,48.7,45.5,37.7,58.8,46.7,43,51.2,48.7,44.2,51.3,50.7,50.5,58.1,49.1,46.1,56.1,41.3,44.1,42.2,48.4,50,45.5,48.3,53.4,52,41.8,47.7,43.9,41.4,52,50.5,43.4,43.2
CENT AFR REP,50.1,51.5,51.4,29.4,55.6,57.2,63.3,59.8,57,50.6,63.7,52.8,58.5,59.6,45.4,23.9,52.9,42.9,52.9,38.1,46.4,57.8,58,27.5,24.9,49.5,21.1,63.2,44.1,0,27.6,55.7,63.8,47.8,51.2,56.1,52.5,59,58.3,21.4,62.9,42.1,46,41.3,49.2,53.3,45.9,27.6,43.4,59.9,35.8,38.7,53.5,61.8,56.3,26.7,34.9,55.1,62.2,30.2,65.2,61.8,44.4,25.6,28.5,44.2,33.2,42.7,56.6,62.8,54.2,50.4,60.2,54.1,64.6,65.3,59.9,26,46.7,71.5,58.7,57.5,34.4,62.6,53.2,46.9,57.5,56.8,36,29.1,53.7,57.6,59.5,29.8,31.5,56.5,29.8,41.1,48.9,51.8,54.7,56,53.9,51.3,31,50.5,39.2,53.1,63.4,64.4,42.5,30.6,31.2,59.1,54.6,62.7,59.2,54.8,50,43.7,43.7,45.5,46.9,56.5,57.8,64.4,19.8,55.1,59.3,27.9,52.4,63.2,30.9,55.4,31.9,65.9,55.1,58.3,45.4,40,45.6,67.1,30.2,60.1,53.7,42.9,45.6,61.1,59.9,55.2,67.9,53.9,30.9,59.9,24.1,51.3,53.7,58.4,54,29.6,58.6,64.2,64,54.3,54.9,43.9,46.3,55,50,28.2,33.4
CHAD,40.2,54.5,39.1,33.6,58.4,57.9,64.9,65.4,53.1,59.3,52.1,52.8,60.2,64,55.5,29.8,57.4,50.5,55,42.3,55.3,60.1,61.4,26.1,30.7,52.5,28.9,68.2,43.3,27.6,0,60.2,61.3,56.9,61.4,61.4,57.2,60,62.6,33.1,67,34.3,53.2,45.7,57.3,39.4,55.9,35.7,31.7,63.5,40.9,34.6,59.7,67.1,61.4,39,35.6,58.6,67,40.2,70.5,64.4,52.7,31.3,35.3,52.7,40.6,52.4,60.3,67.2,54.3,53.4,50.4,41.5,68.5,59.1,64.7,33.3,55.5,74.5,44.2,50.6,36.6,49.6,51.7,50.3,62.6,48.7,42.6,40.1,41.6,61.5,64.5,38.5,41.2,59.6,24.1,28.1,55.1,55.6,56.3,52.8,58.6,40.3,36.7,53.6,42.3,54.7,67.9,70.6,51.3,20.3,34.8,59.9,57.9,68.4,46.6,47,59.5,50.7,52.2,53.7,55.5,61.1,62.7,52.6,32.3,59.1,61.3,35.5,60,49.5,29.1,59.1,37.8,67.1,60,63.4,53.8,31.3,49.1,69.7,30.7,64.3,60.1,25.6,53.6,66.3,63.9,41.3,71,48,36.2,62.1,30,60.7,42.8,54.6,46.2,35.8,59.9,51.2,66.9,59.2,47,51.4,52.8,58.4,34.4,38.4,38.5
CHILE,57.7,40.5,50.3,50.3,19.7,42.8,41.2,37,46.1,47.3,54.2,61.2,45.8,37.7,40.5,53.6,57.6,32.8,41.4,48.6,31.2,54.1,39.6,56.7,55.8,59.1,53.9,40.8,40.5,55.7,60.2,0,51.6,24.7,28.7,34.9,38.5,42.2,38.7,56.3,42.9,56.4,33,51.9,27,51.8,31.9,50.7,59.7,41.6,53.9,57.4,51.1,44.6,33.8,49.3,60,41.2,39,53.7,42.8,38.8,35.5,56.4,57.1,46.5,49.4,34.9,39.7,44.3,55.3,51.5,50.1,52.1,41.1,45.4,32,54.6,48.6,52.3,51.7,47,53,53.7,46.9,58.4,39,46.1,53.1,57.8,55.2,38.4,40.3,50.8,56.7,48.4,58.5,59.5,43.1,26.5,41,50.9,38.4,48.4,55.4,56.1,48.1,55.9,39.7,38,34.9,60.4,56.6,58.6,39.8,41.2,53.9,54.9,30.4,57.1,31,25.7,46,35.3,31.7,54.5,53.2,36,42.7,53.7,51.9,55.7,54.4,39.8,58.9,54.8,37.7,36.2,56.9,61.4,42.5,48.4,59,27,51.9,62.2,45.6,41.6,37.7,52.8,51.7,49.2,56.4,51,55.5,44.3,46.3,40.1,50.9,57.7,42.1,53.7,38.2,23.4,50,52.4,29.8,49.6,60.8,54.5,53.8
CHINA,55.8,49.5,53.6,58.8,52.3,49.1,58.2,53.3,46,63.2,58.1,57.3,50.2,55,59.1,60.3,48,53.7,50.7,56.6,55.5,50.5,48.5,61.1,59.3,47.6,59.1,57.9,56.7,63.8,61.3,51.6,0,54.9,57.3,50.6,53.2,55,52.2,60.9,56.7,58.5,56.3,53.8,53.4,52.4,56.1,59.4,57.9,55.3,57.3,56.6,57.4,57.9,52.4,57.4,60.8,48.9,54.9,58.8,56.9,53.8,56,60.8,63.1,60.8,60.9,57.9,51.9,60.9,51.6,48.8,48.8,53.6,59.3,54.9,52.6,60,61.2,41.5,51.9,44.5,57.6,56.2,46.5,44.5,54,52.5,61.4,62.3,58.3,53.3,55.8,58.9,62.7,46.1,60.2,60.6,56.5,50.3,52,43.5,50.9,51,61.3,46,58.5,53,54.4,57.8,57.4,62.8,59.3,38.2,48.8,56.3,57.7,53.9,57,62.2,55,51,49.4,50.3,53.1,56.4,60.2,48.9,49.5,58.9,56.8,56.1,60.8,47.8,61.4,43.1,50,51.9,62.4,63.4,54.9,41.2,62,52,52.7,59,58,55.6,54.7,49.8,31,46.7,60.6,43.2,59.7,62,53.1,46.2,48.7,60.5,49.1,55.1,55.3,56.7,46.4,57.5,53.5,34.6,60.6,60.7,58
COLOMBIA,57.7,42.4,50.5,44.9,28.1,45.7,49.8,44.2,48.3,42.8,58,54,48.9,46,30.8,47.6,54.5,26.6,44.5,48,23.7,49.8,45.3,52.2,48.9,51.1,45.6,46,38.9,47.8,56.9,24.7,54.9,0,20.3,41.8,30.7,46.3,46.7,48.3,51.2,55,21.3,57.2,16.8,52.8,20.8,43.4,56.5,48,50,54.1,44.1,50.3,41.9,41.7,53.6,44.7,47.9,45.8,52,46,21.7,48.4,49.7,36.6,39.1,22,45.8,51.1,51.4,44.2,52,51.8,47.8,51.9,40.6,47.3,40.2,57.1,53.1,50.7,47.5,57.3,48.1,51.5,44.6,51.3,51.7,45.7,55.1,44.4,47.1,45.3,50.5,44.5,54,57.1,43.3,21.2,42.6,52.2,42.8,49.5,48.4,50.2,45.3,52.8,48.7,49,22.8,57.1,49.2,57.1,45.1,48.5,55.3,53.8,18,50.1,26.7,19.8,38.4,42.3,39.2,57.4,45.7,41.2,46.3,48.1,47.6,56.8,50.7,44.9,49.9,54.1,43.6,44.1,50.3,59.3,44.6,53.5,52.6,36.2,48.3,58.7,36.8,48.6,46.7,53.5,49.2,51.7,49.5,47.9,49.1,38.2,49.6,44,52.8,50.8,45.9,56.6,43,28.2,51.2,46,17.9,46.8,59.1,48.8,49.4
COSTA RICA,61.8,43.3,55.6,48.3,31,48.3,48.2,45.7,51.8,39.7,58.4,56.6,50.7,45.3,30.8,51,57.6,33.7,45.6,49.7,29.8,47.7,45.5,55.5,51.9,55,49.7,44.5,39.7,51.2,61.4,28.7,57.3,20.3,0,41,28.7,45.1,45.9,49.8,48.4,57,20.6,48.6,21,55.8,18.5,46,61.9,46.1,52.1,58.7,43.7,50,41.9,44.5,54.8,46.9,47.7,47.2,49.6,45.1,23.2,51.3,51.2,39.9,38.2,19.6,46.3,46.7,55.5,45.7,56.5,54.7,46.4,53.8,39.5,50.1,36.2,52.5,55.8,52.5,52.5,57.8,51.4,54.5,44.6,51.2,53,47.4,58.8,44.2,46.6,48.1,52.6,43.6,59,60.9,39,22.8,45.9,55.5,42.8,54.2,51.7,53.1,49.4,57.4,47.8,46,21,60.9,51.9,59.3,45.9,46.5,57.5,58.8,16.6,50.5,31.2,26.4,38.9,44,37.5,57.7,47.9,42.3,49.3,51.7,44.2,58.5,54.2,44.5,50.6,53.7,43,43,49.2,63.3,46.6,52,56.1,35,46.9,62.8,38.8,47.1,47.4,56.9,46.8,54.8,53,50.1,52.2,35.5,51,48.1,55.6,53.5,48.8,56.7,42,31.1,54,45.1,24.3,48.7,63,51.3,52.4
CROATIA,59.1,29.1,48.7,51.6,36.3,36,41.2,23.8,42.6,48.5,52.5,58.4,30.7,26.1,46.3,53.3,58.3,47,18.1,51.2,38.3,54.8,20.6,56.4,54.7,58.9,54.2,39.1,43.2,56.1,61.4,34.9,50.6,41.8,41,0,42.2,33.2,20.4,57.6,29.4,57.3,42.2,47.3,43.8,48.6,43.6,53.5,63,29.9,52.8,58.1,52.4,35.1,24.6,49.8,59.2,32.2,25.2,51.5,33.4,26.4,45.8,56.4,57.2,51.4,53.4,46,22.2,36.7,53.8,52.2,49.2,48.8,31.4,40.1,21.3,53.5,48.8,48.2,47.9,44.1,55.1,51.9,46.2,59.8,24.9,43.2,54.3,56,53,25.8,25.8,53.7,55.5,50.6,60.3,59.6,44.5,38.8,30.2,49.2,17.6,47.2,54.9,58.2,51.1,55.6,28.7,40,45,61.7,55.8,52.1,24,31.3,54.5,55.7,42.2,58.4,41.5,43,49.2,19.3,23.9,51.6,54.5,23.1,34.9,54,52.4,55,55.5,17.2,57.6,53.5,18.8,16.6,58.4,62.1,46,42.9,60.3,24.7,50.2,61.8,46.7,30.4,31.5,48.7,49.9,49,56.9,51.3,54.9,44.8,42.4,35.5,50.3,57,28,51.9,39.6,33.9,47.9,53.4,41.7,50.4,61.4,54.3,54.4
CUBA,60.5,44.4,51.2,46.3,36.9,46.9,50.3,48.1,46.9,41.9,55.7,54.2,42.5,46.4,37.3,50.6,63.3,40.6,46.6,52.8,35.4,52.9,44.2,54.5,50,52,48.8,46.8,43.3,52.5,57.2,38.5,53.2,30.7,28.7,42.2,0,48.2,44.7,49.8,48.2,55.6,25.6,52.4,32.8,49.9,29.7,44.6,55.7,46.5,52.8,55,47,52.2,42.5,45.5,53.8,47.6,49.4,49.5,49.2,45.7,34,51.7,49.4,43.4,39.2,32.7,43.1,52.1,54.3,51.7,52.7,53.2,48.8,54.6,42.3,48.5,41.4,57.7,52.9,46.9,53.3,55.4,51.3,52.8,45.4,51.5,57.5,48.7,54.7,42.8,47.1,51,56.2,51.6,57,56,41.5,29.9,43.6,55.4,45.9,51.2,51.4,53.8,53.2,60,48.5,50.9,27.9,58.9,52.5,51,46.9,49.5,56.2,57.3,28,56.7,37.5,36.7,46.3,43.6,40.6,55.5,48.3,42,45.2,50,50.2,56.1,54.8,44.2,52.7,53.2,42.7,45.2,55.9,58.7,53.1,52.4,52.6,38,48.4,56.7,43.7,49.7,49.5,51.3,51.9,49.8,51.9,49.5,50.4,40.9,50.4,46.6,49.2,50.3,43.1,55.4,43.3,35.4,48.4,52.6,25.8,45.4,58.4,52.5,52
CYPRUS,58,33.2,49.1,56.2,43.3,39.2,43.1,37.3,43,44.9,47.1,56.9,42,39,48,55.1,56.7,51.3,36.4,50.5,44.4,49.4,34.1,58,58.1,61.7,57.5,46.7,44,59,60,42.2,55,46.3,45.1,33.2,48.2,0,38.7,62.6,38.3,56,45.6,50.6,49.2,50.5,46.6,55.9,59.1,37,54.3,57.4,48.1,42.3,36.1,54.4,54.8,36.6,38.8,50.8,38.7,19.1,49.8,58,56.1,47.5,54.6,49.7,39.2,41.2,52.6,51.8,48.1,49.5,36.5,38.5,31.2,55.8,46.6,51.3,46.7,47.2,52.5,45.6,46.6,60.5,38.9,36.7,55.3,56.7,51,38.5,39.4,57.2,53,47.9,60.8,60.6,42.2,44.7,39.1,52.3,31,47.7,55.7,58.3,49.4,55.6,39.9,42.2,48.1,60.3,54.6,60.6,34.4,40.5,49.5,53.7,45.9,57.5,47,48.4,49.1,37.6,30.6,46.5,58.1,34.5,42.6,55.6,49.8,52.1,57.1,35.3,54.9,49.2,35,34.3,53.8,60.4,47.2,48.5,58,31.4,47.5,60.8,48.8,41.2,41,47.5,50.3,49.8,54.6,53.4,57.7,43.2,42.4,37,52.2,54.9,38.3,47.4,45.3,40.3,50.3,51.7,47.4,54,57.4,53.7,54
CZECHIA,60.3,35.5,51,56.5,39.8,38.5,38.9,23.2,44.6,51.3,55.5,62,28.9,22.7,49.5,56.7,60,49.6,27.9,52.2,43.4,58.2,23.8,56.9,56.6,61.9,57.1,37.3,48.1,58.3,62.6,38.7,52.2,46.7,45.9,20.4,44.7,38.7,0,59.8,26.7,61.2,47,52.5,49.4,53.7,49.2,56.1,65.7,27.2,54.9,58.8,55.1,32.7,22.9,53.6,62.2,38.3,22.4,54.9,29.9,32.4,50.7,59.4,60.6,54,56.9,51.9,21.8,37.5,55.6,57,52.2,51.9,29.3,42.4,26.5,55.3,52.6,49.3,51.4,43.7,57,56.1,47.1,60.7,23.4,48.5,55,59.3,57.8,23,21.9,55.9,57.2,54.4,60.8,61.7,48.2,43.2,31.6,49.6,28.8,51.7,59,60.8,53.8,57.4,26.6,40.1,49.1,62.7,57,55.9,28,31.6,58.5,59.1,46.9,62.7,44.5,46.5,53.3,16.7,28.6,55.6,56.3,25.4,34.5,54.8,56,56.7,58.5,23.3,61,54.8,12.6,18.5,61.8,65,47.2,43.6,62,26.8,54.6,65,51.6,29.5,26.9,52.6,51.7,50.1,60.4,54.7,57.7,48.3,48,41.1,52.3,59.2,30.9,55.2,39.8,36.2,48.5,57.6,47,54.1,64.3,55.9,55.9
DEM REP CONGO,50.9,53.4,50.6,26.6,54,59,62.4,61.2,55.8,51.7,65.7,50.4,58.2,59.7,46.4,27.5,56,44.6,55.4,39.3,46.9,57.3,59.1,31.8,22.7,46.9,20.8,62.7,45.2,21.4,33.1,56.3,60.9,48.3,49.8,57.6,49.8,62.6,59.8,0,63.4,42.3,46.3,56.6,47.4,52.3,47.2,26.3,42.8,60.9,33.4,39.1,53.2,62.8,57.1,26.8,37.3,56.6,62.7,30.9,64.6,62.6,44.4,26,30.6,46.9,34.5,42.9,58.2,65.8,53.3,47.7,60.1,55.6,64.2,65.3,60.5,26.1,47.9,69.6,57.3,56.7,33.9,64.5,55,47.8,58.6,58.1,35.1,28.9,55.7,59.2,61.8,28.7,31.4,55.2,33.7,41.8,50.8,52.3,55.8,56.9,56.5,50.6,27.2,46.9,38.5,53.9,63.9,63.4,44,34.2,31.2,57.3,56.9,63.4,61,55.7,50.1,42.1,45.1,45.8,48,56.7,57.9,65.7,14.4,54.7,59.4,26.3,51.6,63.7,34,57.6,31.5,63.4,56.4,59.7,45.9,40.2,43.8,66.9,31.5,60.4,55,41.8,47.2,61.7,60.5,55.3,65.2,52.8,28.5,57.3,25.1,54.3,54.1,57,54.4,28.2,58.1,64.8,63.3,55.6,53.6,44,44.5,52,50.6,29.1,31.3
DENMARK,65.4,40.4,56,61,43.5,43.5,34.6,26.7,49.2,45.7,54.1,62.4,38.1,21.8,50.8,59.7,65,55.5,37.8,54.3,46.8,58,33.2,61.3,62.1,64.2,61.9,35.1,49.3,62.9,67,42.9,56.7,51.2,48.4,29.4,48.2,38.3,26.7,63.4,0,62.7,50,46.3,54.1,56.9,52.6,61.4,68.5,26.5,58.5,64.9,55.9,27.5,26,56.9,62,42.6,18.9,55.7,21.2,33.8,54.5,63.4,61.9,54.3,59.9,54.9,28.7,29.2,58.5,58.6,55.6,57.1,25,41.3,30,59.9,47.9,48.9,53.8,49,61,54.2,52.2,67.1,28.3,50.6,59.2,61.1,59,30.8,24.6,60.4,60.2,56.2,66.3,65.9,49,48.5,37.7,56.1,36.8,53.6,63.2,64.7,55.6,62.9,19,33.5,54.1,65.6,60.3,58.9,38,17.4,57.9,62.7,50.9,65.2,50.5,53,55.6,28.2,31.5,53,60.3,32.4,41.5,61,56,58.7,60.5,34.3,62.2,50.6,29.1,28.3,62.6,68,50,44.4,65.9,29.3,56.9,68.1,52.9,19.1,28.3,56.8,53.3,57.1,64.3,57.1,60.6,46.6,50.6,45.7,55.2,64.5,36,54.1,38.7,40,54.3,59.2,51.2,56.7,67.8,61.1,60.5
DJIBOUTI,41.5,48.1,32.6,44,55.6,55.3,63.1,63,48.9,58.5,46.5,49.2,61.3,60.3,55.4,37.7,55.6,51.8,53,46,55.6,54.6,55.6,37.7,41.9,52.5,38.8,65.2,42.2,42.1,34.3,56.4,58.5,55,57,57.3,55.6,56,61.2,42.3,62.7,0,51.1,58.5,52.4,32.3,52.9,43.9,35.2,60,46.5,36.9,56.1,64,56.9,38.5,37.4,54.1,63.5,43.9,64.5,58.9,51,34,40.2,52.7,44.8,49.9,59.2,62.4,50.9,47.4,43.5,37.7,64.8,53,59,36.7,53.1,69.1,36.1,52,40.9,43.5,48.8,52.2,60.3,42.6,47.4,45.6,35.7,59.2,62.4,41.1,44.4,53,32.7,27.9,49.1,53.9,55,51.2,52.7,33.9,42.5,52.4,43.7,54.5,63.6,66.6,50.5,30,42,59.3,54.1,63.7,40.9,42.9,53.8,51,53.6,51.7,49.8,58,58.3,43.9,40.8,54.9,60.2,42.8,56.3,41.7,32.2,56.8,41.7,62.1,57.6,59.3,52.1,25.2,47.6,64.1,42.3,59.8,53.8,32.7,50.6,62.8,62.7,37.2,67,47.3,41,60.5,39.1,60,35.6,47.4,44.4,45,57.3,43.7,65.1,58.1,45.1,48.5,52.9,56.3,33.8,45.6,43.8
DOMINICAN REPUBLIC,56.3,42.2,50.6,43.6,33,47.2,52.3,48.6,49.7,37.7,56.9,52.2,50.4,47.5,30.1,45.5,56.3,31.2,44.2,46.9,28.8,51.8,45.4,50.1,44.2,51.5,44,47.2,36.3,46,53.2,33,56.3,21.3,20.6,42.2,25.6,45.6,47,46.3,50,51.1,0,49.8,24.3,51.6,19.4,41.7,55.4,48,47,51.6,44.5,53.9,43.5,40.1,48.5,46.9,50.5,42.2,51.5,45.7,22.9,45.2,45.5,36.4,28.3,21.2,46.7,51.7,50.4,44.7,53.3,49.8,49.5,53.2,40.7,43.3,32.5,55.8,52.2,52.6,45.1,57.1,51.2,52,47,47.3,50,40.6,54.7,45.4,49.6,42.8,47.9,46.2,52.7,53.9,38.9,23.5,44.7,54.7,44.1,49,47,49,45.9,53.1,50.1,51.3,20.8,54.3,44.8,57.9,45.4,50.6,55.1,53,19.5,48.7,30.3,28,35.4,43.4,40.6,56.7,43.5,41.7,49.6,44.5,44.2,57.5,47.1,44.1,44.9,54.6,44,45,48.4,56.3,45.6,52.9,49.1,38.4,44.8,56.9,36,50.7,49.3,51.8,51.2,51.3,47,50.2,47.1,35.2,48.9,45.6,53.5,46.9,48.5,56.1,42.6,32,52.1,44.4,23.9,47.3,57.5,47.3,47.5
EAST TIMOR,55.8,51.4,57.6,42.9,53.3,54.2,60.5,57,55.3,52.7,62.6,47.5,59.7,57.8,46.6,43.9,50.5,45.6,53.2,48.5,46.9,49.3,53.5,47.4,42.7,45.9,46.1,64.4,41.3,45.7,51.9,53.8,57.2,48.6,47.3,52.4,50.6,52.5,56.6,46.3,58.5,49.8,44.1,0,45.6,56,43.1,42.4,53,55.2,47,50,44.1,62.5,56,45.6,45.5,54.6,59.7,44.6,61.7,54.8,43.8,44.8,39.8,45.9,41.1,43.8,53.7,60.8,47.3,36.9,58.7,55.5,59.4,62.3,53.7,43.9,48.1,60.8,58.1,57.8,44.6,61.3,53.2,47.1,57.7,52.2,46.5,45.2,58.8,53.7,60.4,39,43,45.2,51,55.1,46.2,50.5,52.4,53.7,53.2,56.9,41.1,46.4,47.9,48.2,60.5,57.9,42.1,51.7,44.9,55.8,54.6,60.4,59.4,52.6,46.3,38,46.6,46.6,36,53.6,48.8,62.4,44.7,53.5,60.6,41.7,37.1,63.2,47.1,53.8,43.5,54.8,53.2,53.5,36.9,50.5,51.3,58.7,46.8,54.4,45.4,56.4,48.4,60.6,60.2,56.1,56.6,56,43.7,49.9,45.1,51.9,55.8,54.6,57,43.8,55.2,63.7,63.1,53.5,56,36.2,49.3,47.6,52.9,43,45
ECUADOR,56.1,44.4,50.5,43,29.6,47.4,51.5,48.1,49.3,45.1,58.8,53.7,52.8,50,33.7,48.4,52.8,25.1,47.2,47.1,28.4,50.3,48.1,53.1,48.3,51.2,46.1,47.7,38.4,49.2,57.3,27,53.4,16.8,21,43.8,32.8,49.2,49.4,47.4,54.1,52.4,24.3,45.6,0,51.5,21.9,44.5,56.9,51.1,49.9,51.5,44.5,53.6,45.4,42.5,52.2,46,52.1,45.4,53.7,48.4,23.3,48,48.8,37.9,38.5,22.1,48.9,52.1,52.2,42.8,52.1,51.5,51.1,56.5,43.9,47.1,40.7,56.9,53,51.9,48.2,58.4,47.6,50,47.6,50.5,50.1,46.6,55.1,48.6,50.5,43.7,49.7,45.1,53.9,55.1,42.9,23.6,46.1,53,45.1,50.8,47.6,49.8,47,52.3,52.5,48.8,23.2,56.6,48.8,57.5,47.4,50.6,55.6,53.3,22.3,47.2,28,18.1,38.7,45.6,41.8,58.3,45.2,44.1,50.4,46.2,45.4,57.9,50.7,47.6,49.8,56,46.1,47.1,48.7,57.8,45.9,55.7,52.5,39.3,47.8,57.8,36.6,51.5,50.1,53.8,49.6,49,47.4,50.3,48.9,41,50.8,44.7,53.5,50.1,49.3,58.1,46.3,31.5,50.7,44.5,22.8,46.9,57.2,47.9,47.4
EGYPT,38.2,42.4,20.3,50.2,49.9,46.6,55.6,55.8,39.4,61.4,32.8,47.6,48.8,56.6,53.8,51.3,56.4,51.8,45.3,50,50.5,48.5,46.6,49.6,53.4,55,46.9,59.5,47.1,53.3,39.4,51.8,52.4,52.8,55.8,48.6,49.9,50.5,53.7,52.3,56.9,32.3,51.6,56,51.5,0,52.8,51.8,41,54.8,51.6,45.1,56.3,57.4,52.6,46.2,46.2,45.8,56.6,48.6,56.9,50.2,51.4,46.8,52.1,54.4,57.1,53.2,51.3,60.1,50.3,47,30.7,21.4,57.8,41.2,51.5,47.4,57.5,64.7,19.7,41.4,48.6,29,43.8,54.3,53.8,30.8,55.8,54,20,51.7,55.8,53.1,54.8,49.9,41.1,26.3,51.7,48.6,46.5,50.6,46.9,24.2,52.6,53.5,49,57.6,57,61.6,52.4,41.6,47.3,55,45.9,57.4,29,37.5,54.1,58.5,49.8,50.8,52,50.6,50.9,31.3,49.6,47,49.5,52.1,56.7,25.7,44.6,48.1,50.2,58.9,51,52.9,59.7,39.9,49.8,58,51.6,51.3,50.7,29,52.4,55.7,57.5,19.7,60.3,39.3,49.2,51.6,50.6,58,22.4,37.5,36.3,50.5,46.1,31.1,57.6,51.3,37.3,55.7,48.2,52.1,27.7,51.7,51.2
